[{"fx":361.1075134277344,"fy":361.0849914550781,"height":510,"id":0,"img_name":"1658133634170759876.png","position":[-0.11050364375114441,0.693089485168457,0.16107656061649323],"rotation":[[0.9964746236801147,-0.06878744065761566,-0.048026930540800095],[0.07104732096195221,0.9963627457618713,0.04704882204532623],[0.04461587592959404,-0.0502951443195343,0.9977373480796814]],"width":610},{"fx":361.1075134277344,"fy":361.0849914550781,"height":510,"id":1,"img_name":"1658133633769242708.png","position":[-0.11044778674840927,0.69300377368927,0.16031929850578308],"rotation":[[0.9957306981086731,-0.06510482728481293,-0.06543464958667755],[0.06743401288986206,0.9971429109573364,0.034038566052913666],[0.0630316287279129,-0.03830576688051224,0.9972761273384094]],"width":610},{"fx":361.1075134277344,"fy":361.0849914550781,"height":510,"id":2,"img_name":"1658133634970543687.png","position":[-0.11068405956029892,0.6931974291801453,0.16258268058300018],"rotation":[[0.9947033524513245,-0.07263950258493423,-0.07272335886955261],[0.07735802978277206,0.9949266910552979,0.06431659311056137],[0.06768248975276947,-0.06960166245698929,0.9952762126922607]],"width":610},{"fx":361.1075134277344,"fy":361.0849914550781,"height":510,"id":3,"img_name":"1658133635369557745.png","position":[-0.11076140403747559,0.6931623816490173,0.16333533823490143],"rotation":[[0.9949401021003723,-0.06945856660604477,-0.0725930854678154],[0.07198735326528549,0.9968655109405518,0.03281658887863159],[0.07008615881204605,-0.037876322865486145,0.9968215823173523]],"width":610},{"fx":361.1075134277344,"fy":361.0849914550781,"height":510,"id":4,"img_name":"1658133634569094402.png","position":[-0.11058277636766434,0.6931695342063904,0.16182219982147217],"rotation":[[0.9958798289299011,-0.0726664736866951,-0.05424903705716133],[0.07578761130571365,0.9954425692558289,0.057882219552993774],[0.04979570582509041,-0.061755143105983734,0.9968484044075012]],"width":610},{"fx":361.1075134277344,"fy":361.0849914550781,"height":510,"id":5,"img_name":"1658133632367811218.png","position":[-0.11013948917388916,0.6929705739021301,0.1575826108455658],"rotation":[[0.9953452348709106,-0.08250230550765991,-0.04981203377246857],[0.08479514718055725,0.9953444600105286,0.04581686854362488],[0.04580013453960419,-0.049827419221401215,0.997707188129425]],"width":610},{"fx":361.1075134277344,"fy":361.0849914550781,"height":510,"id":6,"img_name":"1658133631669960542.png","position":[-0.11008360981941223,0.6929811835289001,0.15623986721038818],"rotation":[[0.9949910044670105,-0.08484845608472824,-0.05285439267754555],[0.0875934287905693,0.9947990775108337,0.05198267474770546],[0.0481688492000103,-0.05635199323296547,0.9972482919692993]],"width":610},{"fx":361.1075134277344,"fy":361.0849914550781,"height":510,"id":7,"img_name":"1658133636070785600.png","position":[-0.11080851405858994,0.6931033134460449,0.1643875241279602],"rotation":[[0.9957553744316101,-0.08211687952280045,-0.04156928136944771],[0.08356241136789322,0.9959114193916321,0.03431815281510353],[0.03858122602105141,-0.03764611855149269,0.9985460638999939]],"width":610},{"fx":361.1075134277344,"fy":361.0849914550781,"height":510,"id":8,"img_name":"1658133635668982185.png","position":[-0.1108042448759079,0.6931467652320862,0.16385382413864136],"rotation":[[0.9940346479415894,-0.07180026173591614,-0.08209657669067383],[0.0759333074092865,0.9959385991096497,0.04837827757000923],[0.07828958332538605,-0.054323550313711166,0.9954494833946228]],"width":610},{"fx":361.1075134277344,"fy":361.0849914550781,"height":510,"id":9,"img_name":"1658133635870186226.png","position":[-0.1108115017414093,0.6931282877922058,0.16414521634578705],"rotation":[[0.9943321347236633,-0.07421877235174179,-0.07612644881010056],[0.07801390439271927,0.9957888126373291,0.04815026745200157],[0.0722322091460228,-0.05381627753376961,0.9959349036216736]],"width":610},{"fx":361.1075134277344,"fy":361.0849914550781,"height":510,"id":10,"img_name":"1658133630970760767.png","position":[-0.10999178886413574,0.6929706931114197,0.154875248670578],"rotation":[[0.9952473044395447,-0.08624784648418427,-0.045211296528577805],[0.08799666166305542,0.9953868389129639,0.03823085129261017],[0.041705403476953506,-0.04202759265899658,0.9982456564903259]],"width":610},{"fx":361.1075134277344,"fy":361.0849914550781,"height":510,"id":11,"img_name":"1658133636467988789.png","position":[-0.11089777946472168,0.6930682063102722,0.164751797914505],"rotation":[[0.9935740232467651,-0.0874350368976593,-0.07187338173389435],[0.09044189751148224,0.9951102137565613,0.03969784080982208],[0.06805095076560974,-0.045943111181259155,0.9966234564781189]],"width":610},{"fx":361.1075134277344,"fy":361.0849914550781,"height":510,"id":12,"img_name":"1658133636267077133.png","position":[-0.11083302646875381,0.6930888891220093,0.1645871102809906],"rotation":[[0.9957793354988098,-0.08522788435220718,-0.03405523672699928],[0.0866975411772728,0.9952492713928223,0.04429946839809418],[0.030117901042103767,-0.047064997255802155,0.9984377026557922]],"width":610},{"fx":361.1075134277344,"fy":361.0849914550781,"height":510,"id":13,"img_name":"1658133630267448826.png","position":[-0.10988915711641312,0.6929884552955627,0.1535281091928482],"rotation":[[0.995281994342804,-0.08456505089998245,-0.047565948218107224],[0.08698228746652603,0.9948893189430237,0.05127714201807976],[0.04298659786581993,-0.05517261102795601,0.9975510835647583]],"width":610},{"fx":361.1075134277344,"fy":361.0849914550781,"height":510,"id":14,"img_name":"1658133633267806222.png","position":[-0.1103200912475586,0.6929444670677185,0.15935583412647247],"rotation":[[0.9964867830276489,-0.06569501012563705,-0.05194420367479324],[0.06692927330732346,0.9975064992904663,0.022388355806469917],[0.05034387856721878,-0.02578628994524479,0.998399019241333]],"width":610},{"fx":361.1075134277344,"fy":361.0849914550781,"height":510,"id":15,"img_name":"1658133629468144959.png","position":[-0.10975851863622665,0.6929551959037781,0.15201465785503387],"rotation":[[0.9964188933372498,-0.07286423444747925,-0.04289775714278221],[0.0748729556798935,0.9960732460021973,0.047245100140571594],[0.03928683325648308,-0.05028779059648514,0.9979617595672607]],"width":610},{"fx":361.1075134277344,"fy":361.0849914550781,"height":510,"id":16,"img_name":"1658133628771458734.png","position":[-0.10965089499950409,0.6929153800010681,0.1506815105676651],"rotation":[[0.9965017437934875,-0.07463189214468002,-0.037607576698064804],[0.07596152275800705,0.9964870810508728,0.03526061773300171],[0.034843895584344864,-0.03799399733543396,0.9986702799797058]],"width":610},{"fx":361.1075134277344,"fy":361.0849914550781,"height":510,"id":17,"img_name":"1658133636668740178.png","position":[-0.11096701771020889,0.6930474638938904,0.16488415002822876],"rotation":[[0.9877917170524597,-0.08997714519500732,-0.12716786563396454],[0.09310123324394226,0.995478630065918,0.01882789097726345],[0.12489880621433258,-0.030437519773840904,0.9917024970054626]],"width":610},{"fx":361.1075134277344,"fy":361.0849914550781,"height":510,"id":18,"img_name":"1658133637070396328.png","position":[-0.11097288876771927,0.6930674314498901,0.16510215401649475],"rotation":[[0.994025468826294,-0.08955230563879013,-0.06239954009652138],[0.09128186851739883,0.9955002069473267,0.0254355538636446],[0.05984094366431236,-0.03097953461110592,0.99772709608078]],"width":610},{"fx":361.1075134277344,"fy":361.0849914550781,"height":510,"id":19,"img_name":"1658133636869846821.png","position":[-0.11098335683345795,0.693047821521759,0.1650022715330124],"rotation":[[0.990298867225647,-0.08867106586694717,-0.10698404163122177],[0.09124165028333664,0.9956404566764832,0.019367452710866928],[0.10480030626058578,-0.028940964490175247,0.9940720796585083]],"width":610},{"fx":361.1075134277344,"fy":361.0849914550781,"height":510,"id":20,"img_name":"1658133637771256370.png","position":[-0.11099794507026672,0.6931317448616028,0.16515973210334778],"rotation":[[0.9932555556297302,-0.10499659925699234,-0.04918421432375908],[0.10668840259313583,0.9937403798103333,0.03313025087118149],[0.04539777711033821,-0.03815419226884842,0.9982401132583618]],"width":610},{"fx":361.1075134277344,"fy":361.0849914550781,"height":510,"id":21,"img_name":"1658133637267010130.png","position":[-0.11097218841314316,0.6930991411209106,0.1651533544063568],"rotation":[[0.9946190118789673,-0.0946897491812706,-0.04203430190682411],[0.09601027518510818,0.9949101805686951,0.03059057705104351],[0.03892374411225319,-0.034461695700883865,0.9986477494239807]],"width":610},{"fx":361.1075134277344,"fy":361.0849914550781,"height":510,"id":22,"img_name":"1658133626570148810.png","position":[-0.10934071242809296,0.6929244995117188,0.14653019607067108],"rotation":[[0.9959618449211121,-0.07706113904714584,-0.04606077820062637],[0.07854747027158737,0.996416449546814,0.031378116458654404],[0.04347768425941467,-0.03486936166882515,0.9984456896781921]],"width":610},{"fx":361.1075134277344,"fy":361.0849914550781,"height":510,"id":23,"img_name":"1658133623071213065.png","position":[-0.10892459005117416,0.6927260756492615,0.139909029006958],"rotation":[[0.9955861568450928,-0.07914918661117554,-0.050434064120054245],[0.08065925538539886,0.9963301420211792,0.028641747310757637],[0.047982003539800644,-0.03258330002427101,0.9983165860176086]],"width":610},{"fx":361.1075134277344,"fy":361.0849914550781,"height":510,"id":24,"img_name":"1658133624869784789.png","position":[-0.10918152332305908,0.6928392052650452,0.14328426122665405],"rotation":[[0.995631217956543,-0.07677475363016129,-0.0531427375972271],[0.07848978787660599,0.996433675289154,0.03097202256321907],[0.050575342029333115,-0.03500787541270256,0.9981064796447754]],"width":610},{"fx":361.1075134277344,"fy":361.0849914550781,"height":510,"id":25,"img_name":"1658133625770303103.png","position":[-0.10923155397176743,0.6929306387901306,0.14499494433403015],"rotation":[[0.9956655502319336,-0.08597853779792786,-0.03546616807579994],[0.08758051693439484,0.9950761198997498,0.046402350068092346],[0.03130192682147026,-0.04930736869573593,0.9982930421829224]],"width":610},{"fx":361.1075134277344,"fy":361.0849914550781,"height":510,"id":26,"img_name":"1658133628070483790.png","position":[-0.10957526415586472,0.6929224133491516,0.14934897422790527],"rotation":[[0.9953151941299438,-0.08336582779884338,-0.04896692931652069],[0.0851457417011261,0.9957373142242432,0.03546036779880524],[0.04580201208591461,-0.03946356475353241,0.9981707334518433]],"width":610},{"fx":361.1075134277344,"fy":361.0849914550781,"height":510,"id":27,"img_name":"1658133623970515092.png","position":[-0.10908060520887375,0.6927556991577148,0.14159320294857025],"rotation":[[0.9954506754875183,-0.07721225172281265,-0.05582328140735626],[0.07858938723802567,0.9966438412666321,0.022906968370079994],[0.05386722832918167,-0.02718987502157688,0.9981778860092163]],"width":610},{"fx":361.1075134277344,"fy":361.0849914550781,"height":510,"id":28,"img_name":"1658133622171685920.png","position":[-0.10875712335109711,0.6926676034927368,0.13821575045585632],"rotation":[[0.9966551661491394,-0.07028927654027939,-0.0416877381503582],[0.07102157920598984,0.997340738773346,0.01635170355439186],[0.04042753204703331,-0.019257739186286926,0.9989968538284302]],"width":610},{"fx":361.1075134277344,"fy":361.0849914550781,"height":510,"id":29,"img_name":"1658133627368111583.png","position":[-0.10947179049253464,0.6929472088813782,0.1480247527360916],"rotation":[[0.9953306317329407,-0.08254849910736084,-0.05002644658088684],[0.08462491631507874,0.995572566986084,0.04091348871588707],[0.04642760753631592,-0.04495593532919884,0.9979095458984375]],"width":610},{"fx":361.1075134277344,"fy":361.0849914550781,"height":510,"id":30,"img_name":"1658133621171391231.png","position":[-0.10856594145298004,0.6926798224449158,0.13632223010063171],"rotation":[[0.9956058263778687,-0.08668442070484161,-0.035424504429101944],[0.08784997463226318,0.9955939650535583,0.03278694301843643],[0.03242630884051323,-0.035754911601543427,0.9988343715667725]],"width":610},{"fx":361.1075134277344,"fy":361.0849914550781,"height":510,"id":31,"img_name":"1658133620172552610.png","position":[-0.1084647849202156,0.692604660987854,0.13443216681480408],"rotation":[[0.9961123466491699,-0.07917124032974243,-0.03862830996513367],[0.07975676655769348,0.9967180490493774,0.013857778161764145],[0.03740439563989639,-0.01688477396965027,0.9991575479507446]],"width":610},{"fx":361.1075134277344,"fy":361.0849914550781,"height":510,"id":32,"img_name":"1658133615870752948.png","position":[-0.10809995979070663,0.6926097869873047,0.12633660435676575],"rotation":[[0.9960219264030457,-0.08209535479545593,-0.03465068340301514],[0.08341467380523682,0.9957701563835144,0.038520026952028275],[0.0313417986035347,-0.04125716909766197,0.9986568689346313]],"width":610},{"fx":361.1075134277344,"fy":361.0849914550781,"height":510,"id":33,"img_name":"1658133614669584322.png","position":[-0.1077192947268486,0.6925144195556641,0.12374106794595718],"rotation":[[0.9968365430831909,-0.07387537509202957,-0.029314842075109482],[0.07442037016153336,0.9970653057098389,0.017955726012587547],[0.027902323752641678,-0.02008054591715336,0.9994089603424072]],"width":610},{"fx":361.1075134277344,"fy":361.0849914550781,"height":510,"id":34,"img_name":"1658133616970903747.png","position":[-0.10834696888923645,0.6926225423812866,0.12841375172138214],"rotation":[[0.9954145550727844,-0.08588725328445435,-0.04210987314581871],[0.0873132050037384,0.9956248998641968,0.033278241753578186],[0.03906745836138725,-0.036802396178245544,0.9985586404800415]],"width":610},{"fx":361.1075134277344,"fy":361.0849914550781,"height":510,"id":35,"img_name":"1658133610970939186.png","position":[-0.10735198110342026,0.6925622224807739,0.11344961076974869],"rotation":[[0.9902505278587341,-0.0939192920923233,-0.10287422686815262],[0.09864853322505951,0.9942407011985779,0.04188000038266182],[0.09834840148687363,-0.051620084792375565,0.9938123226165771]],"width":610},{"fx":361.1075134277344,"fy":361.0849914550781,"height":510,"id":36,"img_name":"1658133619172167590.png","position":[-0.10839589685201645,0.6925831437110901,0.13254255056381226],"rotation":[[0.9967216849327087,-0.07573071867227554,-0.02847299724817276],[0.07613980025053024,0.9970048666000366,0.013566916808485985],[0.027360282838344574,-0.01569036766886711,0.9995024800300598]],"width":610},{"fx":361.1075134277344,"fy":361.0849914550781,"height":510,"id":37,"img_name":"1658133607172827846.png","position":[-0.10643061250448227,0.6922010779380798,0.0980144515633583],"rotation":[[0.9935173392295837,-0.08784420788288116,-0.07215742766857147],[0.09248119592666626,0.9936779737472534,0.06364994496107101],[0.06610997021198273,-0.06991053372621536,0.995360255241394]],"width":610},{"fx":361.1075134277344,"fy":361.0849914550781,"height":510,"id":38,"img_name":"1658133609770577262.png","position":[-0.10710889846086502,0.6923136711120605,0.10920332372188568],"rotation":[[0.9928342700004578,-0.10368840396404266,-0.0594036765396595],[0.10725714266300201,0.9923940896987915,0.06041383743286133],[0.052687641233205795,-0.06635239720344543,0.996404230594635]],"width":610},{"fx":361.1075134277344,"fy":361.0849914550781,"height":510,"id":39,"img_name":"1658133612268679623.png","position":[-0.10759038478136063,0.6924700140953064,0.11759483069181442],"rotation":[[0.9945226311683655,-0.06993984431028366,-0.07767309993505478],[0.06662341207265854,0.9967853426933289,-0.0445009209215641],[0.08053579181432724,0.03908232972025871,0.995985209941864]],"width":610},{"fx":361.1075134277344,"fy":361.0849914550781,"height":510,"id":40,"img_name":"1658133608470464072.png","position":[-0.10678531974554062,0.6921749711036682,0.103908970952034],"rotation":[[0.9965245723724365,-0.0806364193558693,-0.020892301574349403],[0.08066403120756149,0.9967412352561951,0.00048098224215209484],[0.020785434171557426,-0.002164568053558469,0.999781608581543]],"width":610},{"fx":361.1075134277344,"fy":361.0849914550781,"height":510,"id":41,"img_name":"1658133613469559012.png","position":[-0.10758184641599655,0.6925219297409058,0.12087583541870117],"rotation":[[0.99697345495224,-0.07421591877937317,-0.023149099200963974],[0.07478566467761993,0.9968911409378052,0.024801205843687057],[0.021236486732959747,-0.026457365602254868,0.9994243383407593]],"width":610},{"fx":361.1075134277344,"fy":361.0849914550781,"height":510,"id":42,"img_name":"1658133605971269986.png","position":[-0.10590820014476776,0.6922980546951294,0.09159847348928452],"rotation":[[0.9953952431678772,-0.0910971388220787,-0.029827313497662544],[0.09163738042116165,0.9956426024436951,0.017273491248488426],[0.028123779222369194,-0.019927246496081352,0.9994058012962341]],"width":610},{"fx":361.1075134277344,"fy":361.0849914550781,"height":510,"id":43,"img_name":"1658133603469829159.png","position":[-0.1056966707110405,0.6915544867515564,0.07767102122306824],"rotation":[[0.998524010181427,-0.04626717418432236,-0.028446517884731293],[0.04562130570411682,0.9986951351165771,-0.02294953726232052],[0.02947121113538742,0.021617894992232323,0.9993318319320679]],"width":610},{"fx":361.1075134277344,"fy":361.0849914550781,"height":510,"id":44,"img_name":"1658133604670517991.png","position":[-0.10563928633928299,0.6919712424278259,0.08430279791355133],"rotation":[[0.9956537485122681,-0.026338856667280197,0.08933038264513016],[0.017886292189359665,0.995398759841919,0.09413493424654007],[-0.09139875322580338,-0.09212801605463028,0.9915435910224915]],"width":610},{"fx":361.1075134277344,"fy":361.0849914550781,"height":510,"id":45,"img_name":"1658133602173097323.png","position":[-0.10506568849086761,0.6919130086898804,0.07025398313999176],"rotation":[[0.9939614534378052,-0.10864253342151642,-0.015407917089760303],[0.10874223709106445,0.9940531253814697,0.005785474553704262],[0.014687740243971348,-0.0074260300025343895,0.9998645782470703]],"width":610},{"fx":361.1075134277344,"fy":361.0849914550781,"height":510,"id":46,"img_name":"1658133600870900164.png","position":[-0.10459580272436142,0.6920381784439087,0.06290331482887268],"rotation":[[0.9950487613677979,-0.08147455006837845,-0.05691947042942047],[0.08378966897726059,0.9956986308097839,0.03954216092824936],[0.05345296114683151,-0.044115640223026276,0.9975954294204712]],"width":610},{"fx":361.1075134277344,"fy":361.0849914550781,"height":510,"id":47,"img_name":"1658133599571032423.png","position":[-0.1040675938129425,0.6918915510177612,0.05572088807821274],"rotation":[[0.9918133020401001,-0.08287215977907181,-0.09715242683887482],[0.09498272091150284,0.9872798919677734,0.12750187516212463],[0.08535027503967285,-0.13568586111068726,0.9870687127113342]],"width":610},{"fx":361.1075134277344,"fy":361.0849914550781,"height":510,"id":48,"img_name":"1658133595671425030.png","position":[-0.10332252830266953,0.6913859844207764,0.0337100587785244],"rotation":[[0.9912503957748413,-0.10247194766998291,-0.08319956064224243],[0.1029297411441803,0.9946878552436829,0.0012203915975987911],[0.08263254165649414,-0.00977342203259468,0.996532142162323]],"width":610},{"fx":361.1075134277344,"fy":361.0849914550781,"height":510,"id":49,"img_name":"1658133598268797646.png","position":[-0.10344108939170837,0.691622257232666,0.04825887084007263],"rotation":[[0.9930986166000366,-0.06611617654561996,-0.09686984866857529],[0.06428312510251999,0.9976907968521118,-0.021926460787653923],[0.0980958566069603,0.015548041090369225,0.9950554966926575]],"width":610},{"fx":361.1075134277344,"fy":361.0849914550781,"height":510,"id":50,"img_name":"1658133586771308319.png","position":[-0.10291264951229095,0.6915090680122375,0.014014202170073986],"rotation":[[-0.9499861001968384,-0.3108101487159729,-0.030390212312340736],[0.3113762140274048,-0.9501521587371826,-0.01599591225385666],[-0.023903632536530495,-0.024658679962158203,0.999410092830658]],"width":610},{"fx":361.1075134277344,"fy":361.0849914550781,"height":510,"id":51,"img_name":"1658133587972765979.png","position":[-0.10253153741359711,0.6915585994720459,0.014020184054970741],"rotation":[[-0.7081714868545532,-0.7047172784805298,-0.043203871697187424],[0.7056602239608765,-0.7084716558456421,-0.01055891066789627],[-0.023167673498392105,-0.037964772433042526,0.9990105032920837]],"width":610},{"fx":361.1075134277344,"fy":361.0849914550781,"height":510,"id":52,"img_name":"1658133589173947411.png","position":[-0.10183809697628021,0.6915245056152344,0.014194197952747345],"rotation":[[0.44060009717941284,-0.8946502804756165,-0.07397677004337311],[0.8967599272727966,0.4424173831939697,-0.009412283077836037],[0.0411493144929409,-0.06219235062599182,0.9972155690193176]],"width":610},{"fx":361.1075134277344,"fy":361.0849914550781,"height":510,"id":53,"img_name":"1658133591771303102.png","position":[-0.101593017578125,0.6914259791374207,0.014876260422170162],"rotation":[[0.9988588094711304,-0.04607508331537247,-0.012576962821185589],[0.046310774981975555,0.9987437129020691,0.01913997158408165],[0.011679287068545818,-0.019700579345226288,0.9997376799583435]],"width":610},{"fx":361.1075134277344,"fy":361.0849914550781,"height":510,"id":54,"img_name":"1658133584173857296.png","position":[-0.1072356104850769,0.6927626729011536,0.013638598844408989],"rotation":[[-0.9516600370407104,-0.30488258600234985,-0.03728005290031433],[0.3059115409851074,-0.9517083168029785,-0.02587191015481949],[-0.02759184129536152,-0.03602566197514534,0.9989699125289917]],"width":610},{"fx":361.1075134277344,"fy":361.0849914550781,"height":510,"id":55,"img_name":"1658133568672618153.png","position":[-0.11491401493549347,0.6952406167984009,0.01345340721309185],"rotation":[[0.5558872818946838,0.829462468624115,-0.054601170122623444],[-0.8193628191947937,0.5578217506408691,0.13220980763435364],[0.14012080430984497,-0.02875557914376259,0.9897167682647705]],"width":610},{"fx":361.1075134277344,"fy":361.0849914550781,"height":510,"id":56,"img_name":"1658133582370495828.png","position":[-0.11335213482379913,0.6947898864746094,0.013344213366508484],"rotation":[[-0.9495600461959839,-0.2989587187767029,-0.09465328603982925],[0.3034115433692932,-0.9521620273590088,-0.036452386528253555],[-0.079227514564991,-0.06333263218402863,0.9948427081108093]],"width":610},{"fx":361.1075134277344,"fy":361.0849914550781,"height":510,"id":57,"img_name":"1658133565672099418.png","position":[-0.10643970966339111,0.6831284165382385,0.014014898799359798],"rotation":[[0.6002590656280518,0.7939587235450745,-0.09653331339359283],[-0.7752272486686707,0.6072508096694946,0.17398053407669067],[0.19675327837467194,-0.029598146677017212,0.9800061583518982]],"width":610},{"fx":361.1075134277344,"fy":361.0849914550781,"height":510,"id":58,"img_name":"1658133564471558298.png","position":[-0.09624376147985458,0.669052243232727,0.01438973844051361],"rotation":[[0.6002373695373535,0.7954089641571045,0.08390332758426666],[-0.7903149127960205,0.6059564352035522,-0.09066005051136017],[-0.12295357882976532,-0.01189250499010086,0.992341160774231]],"width":610},{"fx":361.1075134277344,"fy":361.0849914550781,"height":510,"id":59,"img_name":"1658133565174237816.png","position":[-0.10243493318557739,0.677528440952301,0.014034854248166084],"rotation":[[0.6041185855865479,0.7956083416938782,0.045256782323122025],[-0.7948738932609558,0.6056559085845947,-0.0368296355009079],[-0.05671199783682823,-0.013723967596888542,0.9982962608337402]],"width":610},{"fx":361.1075134277344,"fy":361.0849914550781,"height":510,"id":60,"img_name":"1658133563571320972.png","position":[-0.08832313865423203,0.6581550240516663,0.014931337907910347],"rotation":[[0.5996770858764648,0.79509037733078,0.0906578004360199],[-0.7884939312934875,0.6064101457595825,-0.10268457233905792],[-0.13661931455135345,-0.009905532002449036,0.9905741214752197]],"width":610},{"fx":361.1075134277344,"fy":361.0849914550781,"height":510,"id":61,"img_name":"1658133562672933563.png","position":[-0.08043534308671951,0.6473049521446228,0.015466732904314995],"rotation":[[0.5993711948394775,0.7953755259513855,0.09017744660377502],[-0.7887352108955383,0.6060441136360168,-0.10299156606197357],[-0.13656848669052124,-0.009395945817232132,0.9905860424041748]],"width":610},{"fx":361.1075134277344,"fy":361.0849914550781,"height":510,"id":62,"img_name":"1658133561772566219.png","position":[-0.07253700494766235,0.6364210247993469,0.016019489616155624],"rotation":[[0.6041885614395142,0.7918912172317505,0.0886826440691948],[-0.7867050170898438,0.6104922294616699,-0.09162141382694244],[-0.12669424712657928,-0.014410458505153656,0.9918371438980103]],"width":610},{"fx":361.1075134277344,"fy":361.0849914550781,"height":510,"id":63,"img_name":"1658133560872857557.png","position":[-0.06463927030563354,0.6256119012832642,0.016487956047058105],"rotation":[[0.6037049889564514,0.7916890978813171,0.09364153444766998],[-0.7835667729377747,0.6109036207199097,-0.11322484910488129],[-0.14684483408927917,-0.005019977688789368,0.9891468286514282]],"width":610},{"fx":361.1075134277344,"fy":361.0849914550781,"height":510,"id":64,"img_name":"1658133559873339159.png","position":[-0.05582986772060394,0.6135373711585999,0.017085719853639603],"rotation":[[0.6014095544815063,0.7950097918510437,0.07915754616260529],[-0.7890515923500061,0.6065834760665894,-0.0972316563129425],[-0.12531578540802002,-0.003983344882726669,0.9921088814735413]],"width":610},{"fx":361.1075134277344,"fy":361.0849914550781,"height":510,"id":65,"img_name":"1658133557973874046.png","position":[-0.03911714255809784,0.590580940246582,0.018165428191423416],"rotation":[[0.5996900796890259,0.7961853742599487,0.08037853240966797],[-0.789246678352356,0.6050525903701782,-0.10488654673099518],[-0.13214236497879028,-0.0005390606820583344,0.9912306070327759]],"width":610},{"fx":361.1075134277344,"fy":361.0849914550781,"height":510,"id":66,"img_name":"1658133558976163574.png","position":[-0.04789452254772186,0.6026806831359863,0.01761556975543499],"rotation":[[0.5998162031173706,0.79598468542099,0.08141794800758362],[-0.7897250056266785,0.6053001880645752,-0.09973011165857315],[-0.12866593897342682,-0.004478044807910919,0.9916778802871704]],"width":610},{"fx":361.1075134277344,"fy":361.0849914550781,"height":510,"id":67,"img_name":"1658133556773382442.png","position":[-0.028579268604516983,0.5760480761528015,0.018688000738620758],"rotation":[[0.6023150086402893,0.7929028272628784,0.09231311082839966],[-0.7872649431228638,0.6091609001159668,-0.09558695554733276],[-0.13202470541000366,-0.015101425349712372,0.9911313652992249]],"width":610},{"fx":361.1075134277344,"fy":361.0849914550781,"height":510,"id":68,"img_name":"1658133552974060531.png","position":[0.005053148604929447,0.5299946665763855,0.02032284438610077],"rotation":[[0.5900174379348755,0.8014825582504272,0.09749436378479004],[-0.7965564727783203,0.5975561141967773,-0.09178559482097626],[-0.13182289898395538,-0.023504655808210373,0.9909945726394653]],"width":610},{"fx":361.1075134277344,"fy":361.0849914550781,"height":510,"id":69,"img_name":"1658133555571864664.png","position":[-0.017956994473934174,0.5615106821060181,0.019183067604899406],"rotation":[[0.6064028739929199,0.7905355095863342,0.08561095595359802],[-0.7844775319099426,0.6123673915863037,-0.09798605740070343],[-0.12988680601119995,-0.007740836590528488,0.991498589515686]],"width":610},{"fx":361.1075134277344,"fy":361.0849914550781,"height":510,"id":70,"img_name":"1658133552472209370.png","position":[0.009459641762077808,0.523909330368042,0.02048587054014206],"rotation":[[0.5937075018882751,0.7995496392250061,0.09072960168123245],[-0.7954103350639343,0.6001909971237183,-0.08422137051820755],[-0.12179424613714218,-0.022164395079016685,0.9923078417778015]],"width":610},{"fx":361.1075134277344,"fy":361.0849914550781,"height":510,"id":71,"img_name":"1658133551974144189.png","position":[0.013816151767969131,0.5178868770599365,0.020667197182774544],"rotation":[[0.5963521599769592,0.7978742122650146,0.08809568732976913],[-0.792823076248169,0.6026224493980408,-0.09098199754953384],[-0.12568062543869019,-0.015586987137794495,0.9919483065605164]],"width":610},{"fx":361.1075134277344,"fy":361.0849914550781,"height":510,"id":72,"img_name":"1658133551073772822.png","position":[0.0217734482139349,0.5070114731788635,0.020995667204260826],"rotation":[[0.5956069827079773,0.7983012199401855,0.08926016092300415],[-0.7907149791717529,0.6022365689277649,-0.10991320013999939],[-0.1414995789527893,-0.005114275962114334,0.9899250864982605]],"width":610},{"fx":361.1075134277344,"fy":361.0849914550781,"height":510,"id":73,"img_name":"1658133550571838324.png","position":[0.02620452083647251,0.5008628964424133,0.021165931597352028],"rotation":[[0.5949065685272217,0.7988934516906738,0.08863063901662827],[-0.7932230234146118,0.6013270020484924,-0.09593281149864197],[-0.1299360990524292,-0.013232797384262085,0.9914340376853943]],"width":610},{"fx":361.1075134277344,"fy":361.0849914550781,"height":510,"id":74,"img_name":"1658133551572641553.png","position":[0.017367122694849968,0.5130069255828857,0.020834961906075478],"rotation":[[0.5960100293159485,0.7993220686912537,0.07652642577886581],[-0.7945892214775085,0.6008387804031372,-0.08729718625545502],[-0.11575860530138016,-0.008777078241109848,0.9932385683059692]],"width":610},{"fx":361.1075134277344,"fy":361.0849914550781,"height":510,"id":75,"img_name":"1658133549074345764.png","position":[0.03941262140870094,0.48269471526145935,0.021584631875157356],"rotation":[[0.5995348691940308,0.7963176369667053,0.08022549003362656],[-0.7896340489387512,0.6048765182495117,-0.10296814888715744],[-0.13052186369895935,-0.001615777611732483,0.9914441108703613]],"width":610},{"fx":361.1075134277344,"fy":361.0849914550781,"height":510,"id":76,"img_name":"1658133550073947091.png","position":[0.030594022944569588,0.4948049485683441,0.021317258477211],"rotation":[[0.5959169864654541,0.7990326285362244,0.08018597960472107],[-0.7932055592536926,0.6012568473815918,-0.09651540219783783],[-0.1253313273191452,-0.006088797003030777,0.9920962452888489]],"width":610},{"fx":361.1075134277344,"fy":361.0849914550781,"height":510,"id":77,"img_name":"1658133549573053873.png","position":[0.03501095995306969,0.4887203574180603,0.02144334837794304],"rotation":[[0.5966206789016724,0.7980939745903015,0.08420085906982422],[-0.791157066822052,0.6025201678276062,-0.10507113486528397],[-0.13458935916423798,-0.0039284974336624146,0.9908936619758606]],"width":610},{"fx":361.1075134277344,"fy":361.0849914550781,"height":510,"id":78,"img_name":"1658133548073883877.png","position":[0.048204999417066574,0.4705651104450226,0.02183821052312851],"rotation":[[0.5976576805114746,0.7970386743545532,0.08680342137813568],[-0.7906502485275269,0.6038721799850464,-0.1010478064417839],[-0.13295717537403107,-0.00823914259672165,0.9910875558853149]],"width":610},{"fx":361.1075134277344,"fy":361.0849914550781,"height":510,"id":79,"img_name":"1658133548572303755.png","position":[0.04382091388106346,0.47662198543548584,0.02171594463288784],"rotation":[[0.599502444267273,0.7958908081054688,0.08458492904901505],[-0.7893990278244019,0.6054118871688843,-0.10161469131708145],[-0.13208292424678802,-0.00585300475358963,0.9912213683128357]],"width":610},{"fx":361.1075134277344,"fy":361.0849914550781,"height":510,"id":80,"img_name":"1658133547174996338.png","position":[0.05616004392504692,0.459631085395813,0.022036530077457428],"rotation":[[0.5994335412979126,0.7960637807846069,0.08343835175037384],[-0.7887802124023438,0.6052111983299255,-0.10744877904653549],[-0.13603389263153076,-0.0014061108231544495,0.9907031655311584]],"width":610},{"fx":361.1075134277344,"fy":361.0849914550781,"height":510,"id":81,"img_name":"1658133547572031856.png","position":[0.05264219641685486,0.4644603133201599,0.021956073120236397],"rotation":[[0.5967352390289307,0.7979995012283325,0.08428391069173813],[-0.7910681962966919,0.6026447415351868,-0.10502567887306213],[-0.13460370898246765,-0.004001803696155548,0.9908914566040039]],"width":610},{"fx":361.1075134277344,"fy":361.0849914550781,"height":510,"id":82,"img_name":"1658133546773537912.png","position":[0.05972106382250786,0.4547523856163025,0.022109581157565117],"rotation":[[0.6004488468170166,0.7948662638664246,0.087457075715065],[-0.7880433201789856,0.6067508459091187,-0.10412082076072693],[-0.13582678139209747,-0.006400730460882187,0.9907119274139404]],"width":610},{"fx":361.1075134277344,"fy":361.0849914550781,"height":510,"id":83,"img_name":"1658133545472750881.png","position":[0.07124797254800797,0.43889880180358887,0.022343691438436508],"rotation":[[0.6003925800323486,0.7944310903549194,0.09169556200504303],[-0.7870798110961914,0.6073106527328491,-0.10807029157876968],[-0.14154209196567535,-0.007287114858627319,0.9899054169654846]],"width":610},{"fx":361.1075134277344,"fy":361.0849914550781,"height":510,"id":84,"img_name":"1658133546372175153.png","position":[0.0632665827870369,0.4498460590839386,0.022198179736733437],"rotation":[[0.5999054312705994,0.7955981492996216,0.08448119461536407],[-0.7899035215377808,0.6057510375976563,-0.09548836946487427],[-0.1271449476480484,-0.00944799929857254,0.9918391704559326]],"width":610},{"fx":361.1075134277344,"fy":361.0849914550781,"height":510,"id":85,"img_name":"1658133545874646197.png","position":[0.06768190860748291,0.44380414485931396,0.022264771163463593],"rotation":[[0.6002694368362427,0.7943193912506104,0.09345250576734543],[-0.7858656644821167,0.6074870824813843,-0.11564838141202927],[-0.1486329436302185,-0.0040209367871284485,0.9888842701911926]],"width":610},{"fx":361.1075134277344,"fy":361.0849914550781,"height":510,"id":86,"img_name":"1658133544974769699.png","position":[0.07562754303216934,0.432874470949173,0.022438419982790947],"rotation":[[0.5999373197555542,0.7946434020996094,0.09282858669757843],[-0.7871075868606567,0.6070312857627869,-0.10942907631397247],[-0.1433069407939911,-0.007415484637022018,0.9896504878997803]],"width":610},{"fx":361.1075134277344,"fy":361.0849914550781,"height":510,"id":87,"img_name":"1658133543974225729.png","position":[0.08446437120437622,0.4207456111907959,0.022628435865044594],"rotation":[[0.5992617607116699,0.7960196733474731,0.08507652580738068],[-0.7880445718765259,0.6052706241607666,-0.11239778995513916],[-0.14096517860889435,0.0003116093575954437,0.9900144934654236]],"width":610},{"fx":361.1075134277344,"fy":361.0849914550781,"height":510,"id":88,"img_name":"1658133544473196661.png","position":[0.08004524558782578,0.4268091320991516,0.022533537819981575],"rotation":[[0.5991231203079224,0.7955899238586426,0.08993376046419144],[-0.7876758575439453,0.6058239936828613,-0.11200039833784103],[-0.14359042048454285,-0.003736622631549835,0.9896301627159119]],"width":610},{"fx":361.1075134277344,"fy":361.0849914550781,"height":510,"id":89,"img_name":"1658133543472123796.png","position":[0.08890864998102188,0.41464218497276306,0.022742735221982002],"rotation":[[0.6005916595458984,0.7947946786880493,0.08712627738714218],[-0.7874667644500732,0.6068658828735352,-0.10774942487478256],[-0.13851264119148254,-0.0038956329226493835,0.990352988243103]],"width":610},{"fx":361.1075134277344,"fy":361.0849914550781,"height":510,"id":90,"img_name":"1658133542974191795.png","position":[0.09332801401615143,0.4085942506790161,0.022843170911073685],"rotation":[[0.5971763730049133,0.7965505719184875,0.09427449107170105],[-0.7889499068260193,0.6045105457305908,-0.11011400818824768],[-0.144701287150383,-0.008620351552963257,0.9894378185272217]],"width":610},{"fx":361.1075134277344,"fy":361.0849914550781,"height":510,"id":91,"img_name":"1658133542472393282.png","position":[0.09776674956083298,0.402485191822052,0.02294560894370079],"rotation":[[0.5997529029846191,0.7950489521026611,0.0905185341835022],[-0.7878080606460571,0.6065052151679993,-0.10728400945663452],[-0.14019599556922913,-0.00696733221411705,0.9900992512702942]],"width":610},{"fx":361.1075134277344,"fy":361.0849914550781,"height":510,"id":92,"img_name":"1658133541974429674.png","position":[0.10216718912124634,0.39644742012023926,0.02303188666701317],"rotation":[[0.6015479564666748,0.7941311001777649,0.08657853305339813],[-0.7862851023674011,0.6077455282211304,-0.11135999858379364],[-0.14105215668678284,-0.0010870285332202911,0.9900015592575073]],"width":610},{"fx":361.1075134277344,"fy":361.0849914550781,"height":510,"id":93,"img_name":"1658133541472546520.png","position":[0.10662096738815308,0.3903349041938782,0.023142842575907707],"rotation":[[0.6015775799751282,0.7951839566230774,0.0760723426938057],[-0.7885352969169617,0.6063657999038696,-0.10262910276651382],[-0.1277366727590561,0.0017536506056785583,0.9918065667152405]],"width":610},{"fx":361.1075134277344,"fy":361.0849914550781,"height":510,"id":94,"img_name":"1658133541074991930.png","position":[0.11011864989995956,0.38552984595298767,0.02320311777293682],"rotation":[[0.6000679135322571,0.7947837114334106,0.09075972437858582],[-0.7859421968460083,0.6068926453590393,-0.11822080612182617],[-0.14904138445854187,-0.00039138272404670715,0.9888308644294739]],"width":610},{"fx":361.1075134277344,"fy":361.0849914550781,"height":510,"id":95,"img_name":"1658133540573295344.png","position":[0.114597387611866,0.3794180452823639,0.023280911147594452],"rotation":[[0.6005182266235352,0.7948901653289795,0.08676136285066605],[-0.7864131927490234,0.6067519783973694,-0.11578620970249176],[-0.1446799486875534,0.0013014674186706543,0.9894776344299316]],"width":610},{"fx":361.1075134277344,"fy":361.0849914550781,"height":510,"id":96,"img_name":"1658133540075182087.png","position":[0.11901774257421494,0.37336230278015137,0.02334957756102085],"rotation":[[0.6000224351882935,0.7952584624290466,0.08681633323431015],[-0.7876928448677063,0.606264591217041,-0.10946851968765259],[-0.13968943059444427,-0.0027010254561901093,0.9901916980743408]],"width":610},{"fx":361.1075134277344,"fy":361.0849914550781,"height":510,"id":97,"img_name":"1658133539673832357.png","position":[0.12258204072713852,0.3685055375099182,0.023383459076285362],"rotation":[[0.5989937782287598,0.7950776219367981,0.09517376869916916],[-0.7869032025337219,0.6064711809158325,-0.1139126643538475],[-0.14828956127166748,-0.006659559905529022,0.988921582698822]],"width":610},{"fx":361.1075134277344,"fy":361.0849914550781,"height":510,"id":98,"img_name":"1658133539174858768.png","position":[0.12704457342624664,0.362458735704422,0.023418527096509933],"rotation":[[0.601427435874939,0.7916734218597412,0.1074165403842926],[-0.7828353643417358,0.6108119487762451,-0.11864900588989258],[-0.15954256057739258,-0.012730702757835388,0.9871089458465576]],"width":610},{"fx":361.1075134277344,"fy":361.0849914550781,"height":510,"id":99,"img_name":"1658133538673106425.png","position":[0.13153280317783356,0.3563630282878876,0.02348083257675171],"rotation":[[0.5980087518692017,0.7944892644882202,0.10569936037063599],[-0.7860913276672363,0.6071235537528992,-0.11602329462766647],[-0.15635183453559875,-0.013706408441066742,0.9876063466072083]],"width":610},{"fx":361.1075134277344,"fy":361.0849914550781,"height":510,"id":100,"img_name":"1658133538271831529.png","position":[0.13511303067207336,0.3514990508556366,0.02351459115743637],"rotation":[[0.5973363518714905,0.7947883009910583,0.10724218189716339],[-0.7853185534477234,0.6067895889282227,-0.12280541658401489],[-0.16267774999141693,-0.010863121598958969,0.9866194725036621]],"width":610},{"fx":361.1075134277344,"fy":361.0849914550781,"height":510,"id":101,"img_name":"1658133537773712463.png","position":[0.13951094448566437,0.34545889496803284,0.02355070784687996],"rotation":[[0.5939773321151733,0.7964004278182983,0.113742396235466],[-0.7869924306869507,0.6045480966567993,-0.12314420193433762],[-0.16683484613895416,-0.016369543969631195,0.9858489632606506]],"width":610},{"fx":361.1075134277344,"fy":361.0849914550781,"height":510,"id":102,"img_name":"1658133537271456388.png","position":[0.14396212995052338,0.3393580913543701,0.02358846738934517],"rotation":[[0.59404456615448,0.7979311347007751,0.10206395387649536],[-