[{"fx":372.51446533203125,"fy":372.0306396484375,"height":492,"id":0,"img_name":"1658133634569094402.png","position":[-0.07076264172792435,0.8404580354690552,0.04439612105488777],"rotation":[[0.999700129032135,0.004806486424058676,-0.024011528119444847],[-0.003641804214566946,0.9988254904747009,0.04831549897789955],[0.02421555481851101,-0.048213567584753036,0.9985434412956238]],"width":588},{"fx":372.51446533203125,"fy":372.0306396484375,"height":492,"id":1,"img_name":"1658133634170759876.png","position":[-0.07070737332105637,0.8403728604316711,0.04355081543326378],"rotation":[[0.9997958540916443,0.009069104678928852,-0.018056489527225494],[-0.008386102505028248,0.9992595911026001,0.03754882514476776],[0.018383655697107315,-0.03738973289728165,0.9991316199302673]],"width":588},{"fx":372.51446533203125,"fy":372.0306396484375,"height":492,"id":2,"img_name":"1658133633769242708.png","position":[-0.07068075239658356,0.8402817249298096,0.0426916778087616],"rotation":[[0.9993075728416443,0.01316237635910511,-0.034801874309778214],[-0.012234784662723541,0.9995677471160889,0.026733435690402985],[0.03513870760798454,-0.026289131492376328,0.9990366101264954]],"width":588},{"fx":372.51446533203125,"fy":372.0306396484375,"height":492,"id":3,"img_name":"1658133633267806222.png","position":[-0.07058463245630264,0.8402172923088074,0.04159655049443245],"rotation":[[0.9996902942657471,0.01296587660908699,-0.021242110058665276],[-0.012658599764108658,0.9998142123222351,0.014536583796143532],[0.021426642313599586,-0.014263186603784561,0.9996686577796936]],"width":588},{"fx":372.51446533203125,"fy":372.0306396484375,"height":492,"id":4,"img_name":"1658133632367811218.png","position":[-0.07046043872833252,0.8402569890022278,0.03958182409405708],"rotation":[[0.9998741745948792,-0.005086569115519524,-0.015027014538645744],[0.005630685947835445,0.9993217587471008,0.03639168292284012],[0.01483171433210373,-0.036471717059612274,0.9992246031761169]],"width":588},{"fx":372.51446533203125,"fy":372.0306396484375,"height":492,"id":5,"img_name":"1658133631669960542.png","position":[-0.0704651027917862,0.8402830958366394,0.038057588040828705],"rotation":[[0.9998533129692078,-0.007318317424505949,-0.015485827811062336],[0.007970688864588737,0.9990649223327637,0.04249340668320656],[0.01516036782413721,-0.04261060431599617,0.9989767074584961]],"width":588},{"fx":372.51446533203125,"fy":372.0306396484375,"height":492,"id":6,"img_name":"1658133630970760767.png","position":[-0.07043060660362244,0.8402809500694275,0.036504387855529785],"rotation":[[0.9999355673789978,-0.008217745460569859,-0.007830046117305756],[0.008439873345196247,0.9995504021644592,0.02877119742333889],[0.007590091321617365,-0.02883542887866497,0.9995553493499756]],"width":588},{"fx":372.51446533203125,"fy":372.0306396484375,"height":492,"id":7,"img_name":"1658133630267448826.png","position":[-0.0703832358121872,0.8403089642524719,0.03496910631656647],"rotation":[[0.9999439716339111,-0.00703602097928524,-0.007905478589236736],[0.007358686067163944,0.9991090893745422,0.04155624657869339],[0.007606044877320528,-0.04161209613084793,0.999104917049408]],"width":588},{"fx":372.51446533203125,"fy":372.0306396484375,"height":492,"id":8,"img_name":"1658133629468144959.png","position":[-0.07032974064350128,0.8402835726737976,0.03324177488684654],"rotation":[[0.9999861717224121,0.004900271538645029,-0.001896137255243957],[-0.004826398100703955,0.9992969632148743,0.03717833757400513],[0.002076988108456135,-0.03716867417097092,0.999306857585907]],"width":588},{"fx":372.51446533203125,"fy":372.0306396484375,"height":492,"id":9,"img_name":"1658133628771458734.png","position":[-0.07029329985380173,0.8402442336082458,0.03171885758638382],"rotation":[[0.9999865293502808,0.003666246309876442,0.00368130998685956],[-0.003758841659873724,0.999668538570404,0.025469111278653145],[-0.0035867136903107166,-0.025482604280114174,0.9996688365936279]],"width":588},{"fx":372.51446533203125,"fy":372.0306396484375,"height":492,"id":10,"img_name":"1658133628070483790.png","position":[-0.07028095424175262,0.8402584791183472,0.030197517946362495],"rotation":[[0.9999661445617676,-0.005158296786248684,-0.006414548959583044],[0.005328409373760223,0.9996268153190613,0.026791710406541824],[0.006273955572396517,-0.026824980974197388,0.9996204376220703]],"width":588},{"fx":372.51446533203125,"fy":372.0306396484375,"height":492,"id":11,"img_name":"1658133627368111583.png","position":[-0.07023114711046219,0.8402910828590393,0.028683016076683998],"rotation":[[0.9999679327011108,-0.00456854747608304,-0.006574710365384817],[0.004778353031724691,0.9994681477546692,0.03225724399089813],[0.006423845421522856,-0.03228762745857239,0.9994579553604126]],"width":588},{"fx":372.51446533203125,"fy":372.0306396484375,"height":492,"id":12,"img_name":"1658133626570148810.png","position":[-0.07015596330165863,0.8402695059776306,0.026970908045768738],"rotation":[[0.9999932050704956,0.0014298601308837533,-0.003393598133698106],[-0.0013515561586245894,0.9997353553771973,0.02296522818505764],[0.003425536910071969,-0.022960485890507698,0.9997305274009705]],"width":588},{"fx":372.51446533203125,"fy":372.0306396484375,"height":492,"id":13,"img_name":"1658133625770303103.png","position":[-0.07009971141815186,0.8402791023254395,0.02521391212940216],"rotation":[[0.9999368190765381,-0.008091539144515991,0.007803302723914385],[0.007798514794558287,0.999289333820343,0.03687763586640358],[-0.008096153847873211,-0.036814454942941666,0.999289333820343]],"width":588},{"fx":372.51446533203125,"fy":372.0306396484375,"height":492,"id":14,"img_name":"1658133624869784789.png","position":[-0.07012071460485458,0.8401879072189331,0.02325483039021492],"rotation":[[0.9999417662620544,0.0017719365423545241,-0.010647423565387726],[-0.0015195502201095223,0.9997187852859497,0.023665491491556168],[0.010686362162232399,-0.023647934198379517,0.999663233757019]],"width":588},{"fx":372.51446533203125,"fy":372.0306396484375,"height":492,"id":15,"img_name":"1658133623970515092.png","position":[-0.07008040696382523,0.8400954008102417,0.021315788850188255],"rotation":[[0.9998975396156311,0.0016808499349281192,-0.014215005561709404],[-0.00144611403811723,0.9998626708984375,0.016507430002093315],[0.014240799471735954,-0.0164851825684309,0.9997627139091492]],"width":588},{"fx":372.51446533203125,"fy":372.0306396484375,"height":492,"id":16,"img_name":"1658133623071213065.png","position":[-0.06996452808380127,0.8400635123252869,0.019384320825338364],"rotation":[[0.9999572038650513,-0.00044225790770724416,-0.009242613799870014],[0.0006431651418097317,0.9997633099555969,0.02174540050327778],[0.009230810217559338,-0.02175041474401951,0.9997208118438721]],"width":588},{"fx":372.51446533203125,"fy":372.0306396484375,"height":492,"id":17,"img_name":"1658133622171685920.png","position":[-0.06983514875173569,0.8399993777275085,0.017440425232052803],"rotation":[[0.999956488609314,0.008999946527183056,-0.0024530531372874975],[-0.008976600132882595,0.9999158382415771,0.0093677444383502],[0.002537155756726861,-0.00934531632810831,0.9999530911445618]],"width":588},{"fx":372.51446533203125,"fy":372.0306396484375,"height":492,"id":18,"img_name":"1658133621171391231.png","position":[-0.06967370957136154,0.8400061130523682,0.015268898569047451],"rotation":[[0.9999600052833557,-0.00800569448620081,0.003982527181506157],[0.007903766818344593,0.999656617641449,0.02498287335038185],[-0.004181165248155594,-0.02495039626955986,0.9996799230575562]],"width":588},{"fx":372.51446533203125,"fy":372.0306396484375,"height":492,"id":19,"img_name":"1658133620172552610.png","position":[-0.06963328272104263,0.8399350643157959,0.013101055286824703],"rotation":[[0.9999995231628418,0.00023842409427743405,-0.0009421102586202323],[-0.00023176726244855672,0.9999750256538391,0.007059672847390175],[0.000943769991863519,-0.007059451192617416,0.9999746084213257]],"width":588},{"fx":372.51446533203125,"fy":372.0306396484375,"height":492,"id":20,"img_name":"1658133619172167590.png","position":[-0.06959427148103714,0.8399009704589844,0.010932608507573605],"rotation":[[0.9999627470970154,0.00373455579392612,0.007779485080391169],[-0.0037858549039810896,0.9999710917472839,0.006589882075786591],[-0.007754650432616472,-0.006619088351726532,0.9999480247497559]],"width":588},{"fx":372.51446533203125,"fy":372.0306396484375,"height":492,"id":21,"img_name":"1658133616970903747.png","position":[-0.06966263055801392,0.839942216873169,0.006192226894199848],"rotation":[[0.9999629855155945,-0.007215952035039663,-0.004688948858529329],[0.007342259865254164,0.9995947480201721,0.027502963319420815],[0.004488588776439428,-0.02753637172281742,0.9996107220649719]],"width":588},{"fx":372.51446533203125,"fy":372.0306396484375,"height":492,"id":22,"img_name":"1658133615870752948.png","position":[-0.06945044547319412,0.8399040699005127,0.003800939302891493],"rotation":[[0.999990701675415,-0.00354352337308228,0.002446502912789583],[0.0034623511601239443,0.9994682669639587,0.03242184594273567],[-0.002560089807957411,-0.03241307660937309,0.9994713068008423]],"width":588},{"fx":372.51446533203125,"fy":372.0306396484375,"height":492,"id":23,"img_name":"1658133614669584322.png","position":[-0.06911005824804306,0.839762806892395,0.0008049772586673498],"rotation":[[0.9999698996543884,0.005485866218805313,0.005484657362103462],[-0.005555329844355583,0.9999035000801086,0.012731092050671577],[-0.005414287559688091,-0.012761177495121956,0.9999039173126221]],"width":588},{"fx":372.51446533203125,"fy":372.0306396484375,"height":492,"id":24,"img_name":"1658133613469559012.png","position":[-0.06904660910367966,0.8397507071495056,-0.0024911738000810146],"rotation":[[0.9999207854270935,0.004931728821247816,0.01157953031361103],[-0.005156214814633131,0.9997977614402771,0.01943727768957615],[-0.011481329798698425,-0.019495444372296333,0.9997439980506897]],"width":588},{"fx":372.51446533203125,"fy":372.0306396484375,"height":492,"id":25,"img_name":"1658133612268679623.png","position":[-0.06912848353385925,0.8396993279457092,-0.006281577050685883],"rotation":[[0.9988235235214233,0.01129963155835867,-0.04715779796242714],[-0.013314160518348217,0.9990023970603943,-0.0426257848739624],[0.04662909731268883,0.043203502893447876,0.9979775547981262]],"width":588},{"fx":372.51446533203125,"fy":372.0306396484375,"height":492,"id":26,"img_name":"1658133610970939186.png","position":[-0.06896282732486725,0.8397418856620789,-0.01105236355215311],"rotation":[[0.9977282881736755,-0.015808939933776855,-0.06548583507537842],[0.018683265894651413,0.9988780617713928,0.04351504147052765],[0.06472443044185638,-0.04463967680931091,0.9969042539596558]],"width":588},{"fx":372.51446533203125,"fy":372.0306396484375,"height":492,"id":27,"img_name":"1658133609770577262.png","position":[-0.06883300840854645,0.8394412994384766,-0.015934305265545845],"rotation":[[0.9994001984596252,-0.026096366345882416,-0.022764205932617188],[0.027388885617256165,0.9979146718978882,0.058447565883398056],[0.021191466599702835,-0.059035997837781906,0.9980309009552002]],"width":588},{"fx":372.51446533203125,"fy":372.0306396484375,"height":492,"id":28,"img_name":"1658133608470464072.png","position":[-0.06859351694583893,0.8391498327255249,-0.02202771045267582],"rotation":[[0.9999620914459229,-0.0007524148095399141,0.008672652766108513],[0.000755544169805944,0.9999996423721313,-0.00035755816497839987],[-0.008672380819916725,0.0003640972136054188,0.999962329864502]],"width":588},{"fx":372.51446533203125,"fy":372.0306396484375,"height":492,"id":29,"img_name":"1658133607172827846.png","position":[-0.06827978789806366,0.839055061340332,-0.028835205361247063],"rotation":[[0.9992541074752808,-0.010117934085428715,-0.03726665675640106],[0.01255547720938921,0.9977560639381409,0.0657661110162735],[0.036517612636089325,-0.06618495285511017,0.9971389174461365]],"width":588},{"fx":372.51446533203125,"fy":372.0306396484375,"height":492,"id":30,"img_name":"1658133605971269986.png","position":[-0.06772346049547195,0.8390690684318542,-0.03621947765350342],"rotation":[[0.9999297857284546,-0.011676237918436527,-0.0020205804612487555],[0.011711766012012959,0.9997589588165283,0.018568996340036392],[0.001803277526050806,-0.01859135553240776,0.9998255372047424]],"width":588},{"fx":372.51446533203125,"fy":372.0306396484375,"height":492,"id":31,"img_name":"1658133604670517991.png","position":[-0.06761566549539566,0.8385111689567566,-0.044562216848134995],"rotation":[[0.9917246103286743,0.051484107971191406,0.1176079511642456],[-0.061708852648735046,0.9944665431976318,0.08501946926116943],[-0.11258001625537872,-0.09157335758209229,0.9894139766693115]],"width":588},{"fx":372.51446533203125,"fy":372.0306396484375,"height":492,"id":32,"img_name":"1658133603469829159.png","position":[-0.06775354593992233,0.8380545973777771,-0.052269577980041504],"rotation":[[0.9994011521339417,0.03410680964589119,-0.005839755292981863],[-0.03420908376574516,0.9992450475692749,-0.018414044752717018],[0.005207302514463663,0.01860279031097889,0.9998133778572083]],"width":588},{"fx":372.51446533203125,"fy":372.0306396484375,"height":492,"id":33,"img_name":"1658133602173097323.png","position":[-0.0670761913061142,0.8382328748703003,-0.06080763787031174],"rotation":[[0.9995481371879578,-0.029075751081109047,0.007627381011843681],[0.02900192327797413,0.9995330572128296,0.009617847390472889],[-0.007903466001152992,-0.009392292238771915,0.9999246597290039]],"width":588},{"fx":372.51446533203125,"fy":372.0306396484375,"height":492,"id":34,"img_name":"1658133600870900164.png","position":[-0.06665686517953873,0.8381875157356262,-0.06928142160177231],"rotation":[[0.999537467956543,-0.002714253030717373,-0.030290672555565834],[0.004113386385142803,0.9989226460456848,0.0462239608168602],[0.03013257496058941,-0.046327173709869385,0.998471736907959]],"width":588},{"fx":372.51446533203125,"fy":372.0306396484375,"height":492,"id":35,"img_name":"1658133599571032423.png","position":[-0.06616175919771194,0.8377866148948669,-0.07754163444042206],"rotation":[[0.9979828596115112,-0.006947195623070002,-0.063103087246418],[0.015430843457579613,0.9907297492027283,0.13496841490268707],[0.06158045679330826,-0.13566990196704865,0.9888384938240051]],"width":588},{"fx":372.51446533203125,"fy":372.0306396484375,"height":492,"id":36,"img_name":"1658133598268797646.png","position":[-0.06566797941923141,0.8374444246292114,-0.08616416901350021],"rotation":[[0.9971447587013245,0.014153382740914822,-0.07417544722557068],[-0.0148428650572896,0.9998515248298645,-0.008752279914915562],[0.07404056191444397,0.009828266687691212,0.9972068071365356]],"width":588},{"fx":372.51446533203125,"fy":372.0306396484375,"height":492,"id":37,"img_name":"1658133595671425030.png","position":[-0.06594502925872803,0.8369461894035339,-0.1028803363442421],"rotation":[[0.9979923963546753,-0.02301689237356186,-0.05900375917553902],[0.02384781464934349,0.999625563621521,0.013417154550552368],[0.058672841638326645,-0.014797328040003777,0.9981675744056702]],"width":588},{"fx":372.51446533203125,"fy":372.0306396484375,"height":492,"id":38,"img_name":"1658133591771303102.png","position":[-0.06448910385370255,0.836565375328064,-0.1245141550898552],"rotation":[[0.9993936419487,0.03325854614377022,0.010305600240826607],[-0.033517446368932724,0.9990983009338379,0.02606024406850338],[-0.009429581463336945,-0.02638986147940159,0.999607264995575]],"width":588},{"fx":372.51446533203125,"fy":372.0306396484375,"height":492,"id":39,"img_name":"1658133589173947411.png","position":[-0.06436651200056076,0.8365291357040405,-0.12530666589736938],"rotation":[[0.5115038156509399,-0.8576170206069946,-0.05345045030117035],[0.8589589595794678,0.5120247602462769,0.004482585936784744],[0.023523615673184395,-0.04820460081100464,0.9985604286193848]],"width":588},{"fx":372.51446533203125,"fy":372.0306396484375,"height":492,"id":40,"img_name":"1658133587972765979.png","position":[-0.06478993594646454,0.8368136286735535,-0.1254623532295227],"rotation":[[-0.64992356300354,-0.7595445513725281,-0.02629372850060463],[0.7598137259483337,-0.650140643119812,-0.00038223061710596085],[-0.016804303973913193,-0.02022675797343254,0.9996541738510132]],"width":588},{"fx":372.51446533203125,"fy":372.0306396484375,"height":492,"id":41,"img_name":"1658133586771308319.png","position":[-0.06521140038967133,0.8369899988174438,-0.12546752393245697],"rotation":[[-0.9224172830581665,-0.38592419028282166,-0.014449047856032848],[0.38605788350105286,-0.9224406480789185,-0.007912034168839455],[-0.010274943895637989,-0.012876367196440697,0.9998642802238464]],"width":588},{"fx":372.51446533203125,"fy":372.0306396484375,"height":492,"id":42,"img_name":"1658133584173857296.png","position":[-0.07012473046779633,0.8388633728027344,-0.1258118450641632],"rotation":[[-0.9246053695678711,-0.3803638815879822,-0.02069975808262825],[0.380720853805542,-0.924526572227478,-0.01739313080906868],[-0.012521754950284958,-0.023962609469890594,0.9996344447135925]],"width":588},{"fx":372.51446533203125,"fy":372.0306396484375,"height":492,"id":43,"img_name":"1658133582370495828.png","position":[-0.077060766518116,0.8418400883674622,-0.12599928677082062],"rotation":[[-0.9238888025283813,-0.3752391040325165,-0.07500059902667999],[0.37786832451820374,-0.9255456924438477,-0.024097928777337074],[-0.06037399545311928,-0.05060415714979172,0.9968922734260559]],"width":588},{"fx":372.51446533203125,"fy":372.0306396484375,"height":492,"id":44,"img_name":"1658133568672618153.png","position":[-0.07967435568571091,0.842467725276947,-0.12596246600151062],"rotation":[[0.4920758605003357,0.8703678846359253,-0.0179189071059227],[-0.8613953590393066,0.48977434635162354,0.1346076875925064],[0.1259344220161438,-0.05080193653702736,0.9907369613647461]],"width":588},{"fx":372.51446533203125,"fy":372.0306396484375,"height":492,"id":45,"img_name":"1658133565672099418.png","position":[-0.07089316099882126,0.827408492565155,-0.12537212669849396],"rotation":[[0.5412740707397461,0.838884174823761,-0.057408154010772705],[-0.8204434514045715,0.5418567657470703,0.18238355219364166],[0.18410567939281464,-0.051619336009025574,0.9815500974655151]],"width":588},{"fx":372.51446533203125,"fy":372.0306396484375,"height":492,"id":46,"img_name":"1658133565174237816.png","position":[-0.06673017889261246,0.8207132816314697,-0.125222846865654],"rotation":[[0.5375998020172119,0.8409326672554016,0.06179626286029816],[-0.841152012348175,0.53995680809021,-0.030166635289788246],[-0.05873542279005051,-0.035762473940849304,0.9976328015327454]],"width":588},{"fx":372.51446533203125,"fy":372.0306396484375,"height":492,"id":47,"img_name":"1658133564471558298.png","position":[-0.060284510254859924,0.8102759718894958,-0.12474090605974197],"rotation":[[0.5331076383590698,0.8409202694892883,0.09300220012664795],[-0.8375715613365173,0.5400894284248352,-0.08232419937849045],[-0.11945758759975433,-0.034008339047431946,0.9922567009925842]],"width":588},{"fx":372.51446533203125,"fy":372.0306396484375,"height":492,"id":48,"img_name":"1658133563571320972.png","position":[-0.05208291485905647,0.7968544960021973,-0.12403319031000137],"rotation":[[0.5327095985412598,0.8407683968544006,0.09658689051866531],[-0.8364488482475281,0.5404309630393982,-0.09103646129369736],[-0.1287391185760498,-0.03229399770498276,0.9911525249481201]],"width":588},{"fx":372.51446533203125,"fy":372.0306396484375,"height":492,"id":49,"img_name":"1658133562672933563.png","position":[-0.04391494393348694,0.7835103273391724,-0.12329818308353424],"rotation":[[0.5326082706451416,0.8411160111427307,0.09408710896968842],[-0.8371172547340393,0.5399113297462463,-0.08792319148778915],[-0.12475229799747467,-0.031933315098285675,0.9916738867759705]],"width":588},{"fx":372.51446533203125,"fy":372.0306396484375,"height":492,"id":50,"img_name":"1658133561772566219.png","position":[-0.03572662174701691,0.7701260447502136,-0.12249734252691269],"rotation":[[0.5379186868667603,0.8380265831947327,0.0914052426815033],[-0.83561772108078,0.5443814992904663,-0.07342870533466339],[-0.11129452288150787,-0.03688116744160652,0.9931028485298157]],"width":588},{"fx":372.51446533203125,"fy":372.0306396484375,"height":492,"id":51,"img_name":"1658133560872857557.png","position":[-0.027508897706866264,0.7567070126533508,-0.12174005806446075],"rotation":[[0.5379006862640381,0.83795565366745,0.09215786308050156],[-0.8335326313972473,0.5450117588043213,-0.09047409892082214],[-0.12604041397571564,-0.028150497004389763,0.9916256070137024]],"width":588},{"fx":372.51446533203125,"fy":372.0306396484375,"height":492,"id":52,"img_name":"1658133559873339159.png","position":[-0.018361495807766914,0.7418683171272278,-0.12073148041963577],"rotation":[[0.5355932116508484,0.8409578800201416,0.07700592279434204],[-0.8384726047515869,0.5404239892959595,-0.07004092633724213],[-0.10051731765270233,-0.027053896337747574,0.9945673942565918]],"width":588},{"fx":372.51446533203125,"fy":372.0306396484375,"height":492,"id":53,"img_name":"1658133558976163574.png","position":[-0.010117340832948685,0.7284931540489197,-0.11972915381193161],"rotation":[[0.5342268943786621,0.8418551683425903,0.07669101655483246],[-0.839482307434082,0.5389991998672485,-0.06891559809446335],[-0.09935334324836731,-0.027564190328121185,0.9946703910827637]],"width":588},{"fx":372.51446533203125,"fy":372.0306396484375,"height":492,"id":54,"img_name":"1658133557973874046.png","position":[-0.001001895871013403,0.7136832475662231,-0.11855814605951309],"rotation":[[0.5344345569610596,0.8420770168304443,0.07270551472902298],[-0.8394842147827148,0.5388423204421997,-0.07010971754789352],[-0.09821458905935287,-0.02356606163084507,0.9948862195014954]],"width":588},{"fx":372.51446533203125,"fy":372.0306396484375,"height":492,"id":55,"img_name":"1658133556773382442.png","position":[0.009941928088665009,0.6959049105644226,-0.11722385138273239],"rotation":[[0.5375171899795532,0.8392876386642456,0.08167962729930878],[-0.8381446599960327,0.5423942804336548,-0.057635970413684845],[-0.09267573058605194,-0.03747902065515518,0.9949907064437866]],"width":588},{"fx":372.51446533203125,"fy":372.0306396484375,"height":492,"id":56,"img_name":"1658133555571864664.png","position":[0.020984265953302383,0.678135871887207,-0.11583641171455383],"rotation":[[0.5421645045280457,0.8372011184692383,0.07177792489528656],[-0.8359442949295044,0.5460593700408936,-0.05492142215371132],[-0.0851752758026123,-0.03022589161992073,0.9959074258804321]],"width":588},{"fx":372.51446533203125,"fy":372.0306396484375,"height":492,"id":57,"img_name":"1658133552974060531.png","position":[0.044696785509586334,0.6397072672843933,-0.11229970306158066],"rotation":[[0.5254841446876526,0.8472737073898315,0.07741895318031311],[-0.8474823236465454,0.5292935371398926,-0.040273770689964294],[-0.07510025799274445,-0.044447965919971466,0.9961848855018616]],"width":588},{"fx":372.51446533203125,"fy":372.0306396484375,"height":492,"id":58,"img_name":"1658133552472209370.png","position":[0.04921139031648636,0.6322876811027527,-0.11163391917943954],"rotation":[[0.5292205810546875,0.8455597162246704,0.07038705796003342],[-0.8461226224899292,0.5321136713027954,-0.030521677806973457],[-0.06326181441545486,-0.04340337961912155,0.9970527291297913]],"width":588},{"fx":372.51446533203125,"fy":372.0306396484375,"height":492,"id":59,"img_name":"1658133551974144189.png","position":[0.05368412658572197,0.6249299645423889,-0.11092476546764374],"rotation":[[0.5322550535202026,0.8439931869506836,0.06618177890777588],[-0.844101071357727,0.5350528359413147,-0.03481186181306839],[-0.0647917240858078,-0.03733532130718231,0.9972001314163208]],"width":588},{"fx":372.51446533203125,"fy":372.0306396484375,"height":492,"id":60,"img_name":"1658133551572641553.png","position":[0.05730944871902466,0.6189802289009094,-0.11032203584909439],"rotation":[[0.5317010879516602,0.8451749682426453,0.05452714487910271],[-0.8452467322349548,0.5336017608642578,-0.028760775923728943],[-0.053403664380311966,-0.030796755105257034,0.9980980157852173]],"width":588},{"fx":372.51446533203125,"fy":372.0306396484375,"height":492,"id":61,"img_name":"1658133551073772822.png","position":[0.061797723174095154,0.6116130352020264,-0.10957884043455124],"rotation":[[0.5321432948112488,0.8442243337631226,0.06409961730241776],[-0.8432360887527466,0.5352700352668762,-0.049385346472263336],[-0.07600291818380356,-0.027771035209298134,0.9967207908630371]],"width":588},{"fx":372.51446533203125,"fy":372.0306396484375,"height":492,"id":62,"img_name":"1658133550571838324.png","position":[0.06632596254348755,0.6041597127914429,-0.10882117599248886],"rotation":[[0.5311073660850525,0.8449247479438782,0.0634598582983017],[-0.8449841141700745,0.533704400062561,-0.034079793840646744],[-0.06266365945339203,-0.03552253916859627,0.9974023103713989]],"width":588},{"fx":372.51446533203125,"fy":372.0306396484375,"height":492,"id":63,"img_name":"1658133550073947091.png","position":[0.07081570476293564,0.5967656970024109,-0.10808029025793076],"rotation":[[0.5321332216262817,0.8449233770370483,0.054210662841796875],[-0.8448108434677124,0.5341112613677979,-0.0319339744746685],[-0.055936284363269806,-0.02880462259054184,0.998018741607666]],"width":588},{"fx":372.51446533203125,"fy":372.0306396484375,"height":492,"id":64,"img_name":"1658133549573053873.png","position":[0.07532260566949844,0.5893300771713257,-0.10732550919055939],"rotation":[[0.5332837104797363,0.8440558910369873,0.05637490749359131],[-0.8436139822006226,0.5355721712112427,-0.03844311833381653],[-0.0626409724354744,-0.027057573199272156,0.9976692795753479]],"width":588},{"fx":372.51446533203125,"fy":372.0306396484375,"height":492,"id":65,"img_name":"1658133549074345764.png","position":[0.07983597368001938,0.5819731950759888,-0.10655831545591354],"rotation":[[0.5363299250602722,0.8424314260482788,0.051569800823926926],[-0.8421176671981812,0.5382161140441895,-0.034076519310474396],[-0.05646282806992531,-0.025151586160063744,0.9980878233909607]],"width":588},{"fx":372.51446533203125,"fy":372.0306396484375,"height":492,"id":66,"img_name":"1658133548572303755.png","position":[0.08438853919506073,0.5745716691017151,-0.1057719811797142],"rotation":[[0.5364378094673157,0.842178225517273,0.05450139939785004],[-0.842107892036438,0.5384088754653931,-0.03114970587193966],[-0.055577635765075684,-0.029186176136136055,0.9980276823043823]],"width":588},{"fx":372.51446533203125,"fy":372.0306396484375,"height":492,"id":67,"img_name":"1658133548073883877.png","position":[0.08891572803258896,0.5671889185905457,-0.10498413443565369],"rotation":[[0.5346038341522217,0.8432908654212952,0.05531134083867073],[-0.8433786034584045,0.5365478992462158,-0.028791949152946472],[-0.053957175463438034,-0.03125610947608948,0.9980539679527283]],"width":588},{"fx":372.51446533203125,"fy":372.0306396484375,"height":492,"id":68,"img_name":"1658133547572031856.png","position":[0.09347058087587357,0.5597620606422424,-0.10416798293590546],"rotation":[[0.533757209777832,0.8440757393836975,0.0513741709291935],[-0.8439597487449646,0.535539448261261,-0.030487269163131714],[-0.05324645712971687,-0.02708493173122406,0.9982140064239502]],"width":588},{"fx":372.51446533203125,"fy":372.0306396484375,"height":492,"id":69,"img_name":"1658133547174996338.png","position":[0.09706620872020721,0.5538886189460754,-0.10351601243019104],"rotation":[[0.5367263555526733,0.8423028588294983,0.049504321068525314],[-0.8420920968055725,0.5384281873703003,-0.031240172684192657],[-0.052968207746744156,-0.024919774383306503,0.9982852339744568]],"width":588},{"fx":372.51446533203125,"fy":372.0306396484375,"height":492,"id":70,"img_name":"1658133546773537912.png","position":[0.10069872438907623,0.54796302318573,-0.10285560041666031],"rotation":[[0.5378116965293884,0.8414116501808167,0.05277257040143013],[-0.8415160775184631,0.5395635366439819,-0.026867659762501717],[-0.051080916076898575,-0.02995922602713108,0.9982450604438782]],"width":588},{"fx":372.51446533203125,"fy":372.0306396484375,"height":492,"id":71,"img_name":"1658133546372175153.png","position":[0.10433131456375122,0.5420003533363342,-0.10217612236738205],"rotation":[[0.5369113683700562,0.8421793580055237,0.04959994927048683],[-0.8426517844200134,0.5381985902786255,-0.016741493716835976],[-0.04079395905137062,-0.03280678391456604,0.9986288547515869]],"width":588},{"fx":372.51446533203125,"fy":372.0306396484375,"height":492,"id":72,"img_name":"1658133545874646197.png","position":[0.10883854329586029,0.5346483588218689,-0.10133524984121323],"rotation":[[0.5382599830627441,0.8409407138824463,0.055632054805755615],[-0.8406747579574585,0.5404067039489746,-0.0350227952003479],[-0.05951602756977081,-0.02791709452867508,0.9978368878364563]],"width":588},{"fx":372.51446533203125,"fy":372.0306396484375,"height":492,"id":73,"img_name":"1658133545472750881.png","position":[0.11245769262313843,0.528713583946228,-0.10063081234693527],"rotation":[[0.5380856990814209,0.8411744236946106,0.05375400558114052],[-0.8413445353507996,0.5398659706115723,-0.02615676447749138],[-0.05102236196398735,-0.031151052564382553,0.9982115626335144]],"width":588},{"fx":372.51446533203125,"fy":372.0306396484375,"height":492,"id":74,"img_name":"1658133544974769699.png","position":[0.11694098263978958,0.5213485956192017,-0.09974723309278488],"rotation":[[0.5377261638641357,0.8414152264595032,0.053582269698381424],[-0.8416181206703186,0.539474606513977,-0.025420647114515305],[-0.050295595079660416,-0.03142645210027695,0.9982398152351379]],"width":588},{"fx":372.51446533203125,"fy":372.0306396484375,"height":492,"id":75,"img_name":"1658133544473196661.png","position":[0.12145629525184631,0.5139217972755432,-0.09883718937635422],"rotation":[[0.5369217395782471,0.8421798944473267,0.04947754740715027],[-0.8422619104385376,0.5384682416915894,-0.025432469323277473],[-0.04806080460548401,-0.028017809614539146,0.9984513521194458]],"width":588},{"fx":372.51446533203125,"fy":372.0306396484375,"height":492,"id":76,"img_name":"1658133543974225729.png","position":[0.12597602605819702,0.506540834903717,-0.09790881723165512],"rotation":[[0.5369805097579956,0.8424654006958008,0.04363418370485306],[-0.8424872159957886,0.5382071733474731,-0.023416468873620033],[-0.04321179538965225,-0.024187056347727776,0.9987730979919434]],"width":588},{"fx":372.51446533203125,"fy":372.0306396484375,"height":492,"id":77,"img_name":"1658133543472123796.png","position":[0.13052929937839508,0.49912968277931213,-0.09692832082509995],"rotation":[[0.5382646322250366,0.8415879607200623,0.04473264515399933],[-0.841892421245575,0.5393722057342529,-0.017173314467072487],[-0.03858040273189545,-0.028416281566023827,0.9988513588905334]],"width":588},{"fx":372.51446533203125,"fy":372.0306396484375,"height":492,"id":78,"img_name":"1658133542974191795.png","position":[0.13504154980182648,0.491782546043396,-0.09593797475099564],"rotation":[[0.5349521636962891,0.843382716178894,0.050316546112298965],[-0.8438239097595215,0.5363137722015381,-0.018132073804736137],[-0.042277734726667404,-0.03275850787758827,0.9985687136650085]],"width":588},{"fx":372.51446533203125,"fy":372.0306396484375,"height":492,"id":79,"img_name":"1658133542472393282.png","position":[0.13956746459007263,0.4843718707561493,-0.09493418037891388],"rotation":[[0.5374606847763062,0.842042863368988,0.045824628323316574],[-0.8425299525260925,0.5384883880615234,-0.013171183876693249],[-0.035766731947660446,-0.03152962774038315,0.9988626837730408]],"width":588},{"fx":372.51446533203125,"fy":372.0306396484375,"height":492,"id":80,"img_name":"1658133541974429674.png","position":[0.14406569302082062,0.47703343629837036,-0.09393219649791718],"rotation":[[0.5394257307052612,0.8410549163818359,0.04057815670967102],[-0.8413312435150146,0.540317177772522,-0.01480250433087349],[-0.034374795854091644,-0.026154816150665283,0.9990667104721069]],"width":588},{"fx":372.51446533203125,"fy":372.0306396484375,"height":492,"id":81,"img_name":"1658133541472546520.png","position":[0.148600772023201,0.46960723400115967,-0.0928841233253479],"rotation":[[0.5387939810752869,0.8419012427330017,0.030057895928621292],[-0.842219889163971,0.5391229391098022,-0.0035005584359169006],[-0.019152026623487473,-0.023429274559020996,0.9995420575141907]],"width":588},{"fx":372.51446533203125,"fy":372.0306396484375,"height":492,"id":82,"img_name":"1658133541074991930.png","position":[0.15222151577472687,0.46373769640922546,-0.09204516559839249],"rotation":[[0.5383659601211548,0.8416739106178284,0.04179826006293297],[-0.8418663144111633,0.5393847227096558,-0.018035437911748886],[-0.0377252958714962,-0.02547888085246086,0.9989632964134216]],"width":588},{"fx":372.51446533203125,"fy":372.0306396484375,"height":492,"id":83,"img_name":"1658133540573295344.png","position":[0.15679997205734253,0.45630186796188354,-0.09098701179027557],"rotation":[[0.5386174917221069,0.84173983335495,0.03694953769445419],[-0.8419756293296814,0.539351761341095,-0.013290519826114178],[-0.031115958467125893,-0.023952104151248932,0.9992287755012512]],"width":588},{"fx":372.51446533203125,"fy":372.0306396484375,"height":492,"id":84,"img_name":"1658133540075182087.png","position":[0.16134336590766907,0.44893354177474976,-0.08992977440357208],"rotation":[[0.5378233194351196,0.8422829508781433,0.036131564527750015],[-0.8427221179008484,0.538324236869812,-0.005139990709722042],[-0.023779824376106262,-0.027684461325407028,0.9993337988853455]],"width":588},{"fx":372.51446533203125,"fy":372.0306396484375,"height":492,"id":85,"img_name":"1658133539673832357.png","position":[0.16501599550247192,0.443015992641449,-0.08907412737607956],"rotation":[[0.5372581481933594,0.8423355221748352,0.04271409660577774],[-0.8428803086280823,0.5380345582962036,-0.008458280935883522],[-0.030106371268630028,-0.031458593904972076,0.9990515112876892]],"width":588},{"fx":372.51446533203125,"fy":372.0306396484375,"height":492,"id":86,"img_name":"1658133539174858768.png","position":[0.16957233846187592,0.43564701080322266,-0.08798358589410782],"rotation":[[0.5405372381210327,0.8396492004394531,0.052998561412096024],[-0.8404265642166138,0.5417933464050293,-0.011973015032708645],[-0.03876740112900734,-0.038069527596235275,0.9985228180885315]],"width":588},{"fx":372.51446533203125,"fy":372.0306396484375,"height":492,"id":87,"img_name":"1658133538673106425.png","position":[0.174150750041008,0.428226113319397,-0.0868620052933693],"rotation":[[0.5367255210876465,0.8422513604164124,0.050383057445287704],[-0.8431060910224915,0.5376994609832764,-0.007175711914896965],[-0.03313469514250755,-0.03862687200307846,0.998704195022583]],"width":588},{"fx":372.51446533203125,"fy":372.0306396484375,"height":492,"id":88,"img_name":"1658133538271831529.png","position":[0.17781654000282288,0.4223063886165619,-0.0859607681632042],"rotation":[[0.5364376306533813,0.8424361348152161,0.05035858973860741],[-0.8431134819984436,0.5375974774360657,-0.012186737731099129],[-0.03733919933438301,-0.035920582711696625,0.9986568689346313]],"width":588},{"fx":372.51446533203125,"fy":372.0306396484375,"height":492,"id":89,"img_name":"1658133537773712463.png","position":[0.18232212960720062,0.41498643159866333,-0.08483271300792694],"rotation":[[0.5331501364707947,0.844211995601654,0.05529133602976799],[-0.845122754573822,0.5344559550285339,-0.011155706830322742],[-0.03896856680512428,-0.04078029841184616,0.9984079599380493]],"width":588},{"fx":372.51446533203125,"fy":372.0306396484375,"height":492,"id":90,"img_name":"1658133537271456388.png","position":[0.18683989346027374,0.40757912397384644,-0.08368566632270813],"rotation":[[0.532459020614624,0.845340371131897,0.04344145208597183],[-0.8460866212844849,0.5330410003662109,-0.0021792110055685043],[-0.02499825321137905,-0.035594888031482697,0.9990535974502563]],"width":588},{"fx":372.51446533203125,"fy":372.0306396484375,"height":492,"id":91,"img_name":"1658133536773632319.png","position":[0.19131699204444885,0.40024253726005554,-0.08254829794168472],"rotation":[[0.5318553447723389,0.8459169268608093,0.03942812234163284],[-0.8464749455451965,0.5324105620384216,-0.00438346341252327],[-0.024699995294213295,-0.03104354441165924,0.9992128014564514]],"width":588},{"fx":372.51446533203125,"fy":372.0306396484375,"height":492,"id":92,"img_name":"1658133536372564369.png","position":[0.19494777917861938,0.39428701996803284,-0.08160790801048279],"rotation":[[0.533926248550415,0.845140278339386,0.02570517174899578],[-0.8455261588096619,0.5337803363800049,0.012812783010303974],[-0.0028923172503709793,-0.02857547625899315,0.9995874762535095]],"width":588},{"fx":372.51446533203125,"fy":372.0306396484375,"height":492,"id":93,"img_name":"1658133535874837591.png","position":[0.1994113028049469,0.38695114850997925,-0.08045779913663864],"rotation":[[0.5335168838500977,0.8447300791740417,0.04231894761323929],[-0.8450143933296204,0.5345019102096558,-0.016075804829597473],[-0.03619927167892456,-0.027183402329683304,0.9989748001098633]],"width":588},{"fx":372.51446533203125,"fy":372.0306396484375,"height":492,"id":94,"img_name":"1658133535472991936.png","position":[0.2030542939901352,0.3810083866119385,-0.07949600368738174],"rotation":[[0.5298899412155151,0.84751957654953,0.03045148029923439],[-0.8479242920875549,0.5301169157028198,0.0007269559428095818],[-0.015526734292507172,-0.02620575577020645,0.9995359778404236]],"width":588},{"fx":372.51446533203125,"fy":372.0306396484375,"height":492,"id":95,"img_name":"1658133534975106694.png","position":[0.20750761032104492,0.37369072437286377,-0.07828831672668457],"rotation":[[0.5308245420455933,0.8459104895591736,0.05158327519893646],[-0.8464863896369934,0.5321671962738037,-0.016091465950012207],[-0.041062869131565094,-0.035122793167829514,0.9985390305519104]],"width":588},{"fx":372.51446533203125,"fy":372.0306396484375,"height":492,"id":96,"img_name":"1658133534573325415.png","position":[0.21112780272960663,0.36781108379364014,-0.0773206278681755],"rotation":[[0.5327433347702026,0.8452613949775696,0.041446246206760406],[-0.8457379937171936,0.5335127115249634,-0.009564092382788658],[-0.030196256935596466,-0.02995746023952961,0.9990949630737305]],"width":588},{"fx":372.51446533203125,"fy":372.0306396484375,"height":492,"id":97,"img_name":"1658133534176442219.png","position":[0.21469558775424957,0.36196157336235046,-0.07639280706644058],"rotation":[[0.5304186344146729,0.8468365669250488,0.03903668001294136],[-0.8475788831710815,0.5306438207626343,0.005199851468205452],[-0.016311150044202805,-0.03584476560354233,0.9992242455482483]],"width":588},{"fx":372.51446533203125,"fy":372.0306396484375,"height":492,"id":98,"img_name":"1658133533271460582.png","position":[0.22282955050468445,0.34866103529930115,-0.07434003055095673],"rotation":[[0.5363422632217407,0.8434465527534485,0.030575940385460854],[-0.843856155872345,0.5365685820579529,0.0009440593421459198],[-0.015609825029969215,-0.026308035477995872,0.9995319843292236]],"width":588},{"fx":372.51446533203125,"fy":372.0306396484375,"height":492,"id":99,"img_name":"1658133532874831770.png","position":[0.22639183700084686,0.34285497665405273,-0.07338976114988327],"rotation":[[0.5378957986831665,0.8425185680389404,0.02881786972284317],[-0.8428676128387451,0.5381209850311279,-6.796326488256454e-05],[-0.015564758330583572,-0.02425309270620346,0.9995846748352051]],"width":588},{"fx":372.51446533203125,"fy":372.0306396484375,"height":492,"id":100,"img_name":"1658133532473441815.png","position":[0.22999970614910126,0.33700957894325256,-0.07238710671663284],"rotation":[[0.5395122766494751,0.8412574529647827,0.034817811101675034],[-0.8416861295700073,0.539952278137207,-0.003990134224295616],[-0.022156689316034317,-0.02715294435620308,0.9993857145309448]],"width":588},{"fx":372.51446533203125,"fy":372.0306396484375,"height":492,"id":101,"img_name":"1658133531974732732.png","position":[0.23450492322444916,0.32974478602409363,-0.07107023894786835],"rotation":[[0.5376136898994446,0.8431050777435303,0.012061011046171188],[-0.8431376218795776,0.5373630523681641,0.0189728271